x0: (0.1, 0.1, 0.7, 0.1), decoded to: w
x1: (0.005434782608695653, 0.9510869565217391, 0.005434782608695653, 0.038043478260869575), decoded to: 1
x2: (0.005434782608695653, 0.9510869565217391, 0.005434782608695653, 0.038043478260869575), decoded to: 1

